4 0.445806 0.507944 0.079141 0.152259
4 0.044954 0.122103 0.079138 0.152257
4 0.115485 0.119556 0.079141 0.152259
4 0.180861 0.123428 0.079141 0.152259
4 0.253118 0.127298 0.079141 0.152257
4 0.318495 0.126008 0.079138 0.152259
4 0.387312 0.122138 0.079138 0.152257
4 0.447527 0.126008 0.079141 0.152259
4 0.511182 0.131170 0.079141 0.152257
4 0.576560 0.132460 0.079138 0.152259
4 0.647096 0.128588 0.079141 0.152259
4 0.709032 0.129880 0.079141 0.152259
4 0.772688 0.132460 0.079138 0.152259
4 0.841506 0.136330 0.079141 0.152257
4 0.908602 0.137622 0.079138 0.152257
4 0.967205 0.140202 0.065590 0.152257
4 0.029355 0.335040 0.058709 0.152259
4 0.070754 0.326008 0.079141 0.152259
4 0.124087 0.327298 0.079141 0.152257
4 0.191182 0.323428 0.079141 0.152259
4 0.254839 0.326008 0.079141 0.152259
4 0.320216 0.327298 0.079141 0.152257
4 0.380430 0.331170 0.079141 0.152257
4 0.428602 0.328588 0.079138 0.152259
4 0.502581 0.332460 0.079138 0.152259
4 0.573118 0.329880 0.079141 0.152259
4 0.619570 0.329880 0.079141 0.152259
4 0.684946 0.326008 0.079141 0.152259
4 0.743442 0.324718 0.079141 0.152257
4 0.808818 0.332460 0.079141 0.152259
4 0.858709 0.333750 0.079138 0.152257
4 0.930968 0.337622 0.079141 0.152257
4 0.967205 0.341492 0.065590 0.152259
4 0.037096 0.501492 0.074193 0.152259
4 0.101720 0.504073 0.079141 0.152257
4 0.160216 0.500202 0.079141 0.152257
4 0.211827 0.501492 0.079141 0.152259
4 0.270323 0.506654 0.079141 0.152257
4 0.333979 0.507944 0.079138 0.152259
4 0.389032 0.501492 0.079141 0.152259
4 0.500861 0.505363 0.079141 0.152259
4 0.559355 0.506654 0.079138 0.152257
4 0.614408 0.505363 0.079141 0.152259
4 0.666023 0.506654 0.079141 0.152257
4 0.722797 0.509234 0.079141 0.152257
4 0.786451 0.507944 0.079141 0.152259
4 0.841506 0.511814 0.079141 0.152257
4 0.893118 0.514396 0.079141 0.152259
4 0.953333 0.509234 0.079138 0.152257
4 0.060430 0.662782 0.079141 0.152257
4 0.117205 0.666654 0.079138 0.152257
4 0.148173 0.660202 0.079141 0.152257
4 0.216989 0.661492 0.079141 0.152259
4 0.266882 0.662782 0.079141 0.152257
4 0.318495 0.657622 0.079138 0.152257
4 0.390752 0.653750 0.079138 0.152257
4 0.428602 0.660202 0.079138 0.152257
4 0.483656 0.656331 0.079141 0.152259
4 0.530109 0.660202 0.079141 0.152257
4 0.588602 0.657622 0.079138 0.152257
4 0.643656 0.656331 0.079141 0.152259
4 0.696989 0.660202 0.079141 0.152257
4 0.762365 0.651170 0.079141 0.152257
4 0.803656 0.657622 0.079141 0.152257
4 0.870754 0.665362 0.079141 0.152257
4 0.910323 0.665362 0.079141 0.152257
4 0.961183 0.666654 0.077633 0.152257
4 0.126668 0.840849 0.118712 0.178069
4 0.222151 0.840846 0.118712 0.178069
4 0.306451 0.839557 0.118712 0.178069
4 0.389032 0.836976 0.118712 0.178066
4 0.480216 0.833105 0.118712 0.178069
4 0.569677 0.836976 0.118712 0.178066
4 0.647096 0.840846 0.118712 0.178069
4 0.750323 0.835686 0.118712 0.178069
4 0.829463 0.835686 0.118712 0.178069
4 0.920645 0.834395 0.118715 0.178069
4 0.966774 0.827943 0.066453 0.178069
