     0/249     2.15G   0.07151   0.01599   0.03111    0.1186        35       640   0.01629   0.08842   0.00718  0.001179   0.06683   0.01137   0.02245
     1/249     14.3G   0.05816   0.01365   0.02971    0.1015        24       640   0.04951    0.2802   0.04653   0.00968   0.05667  0.009253   0.02222
     2/249     11.5G   0.04859   0.01217   0.02739   0.08815        33       640    0.1077    0.3792    0.1408   0.05204    0.0537  0.008255   0.02121
     3/249     11.5G   0.05082   0.01148   0.02654   0.08884        44       640    0.0692    0.2508   0.09013   0.03078   0.06262  0.007766   0.02096
     4/249     11.6G   0.04767   0.01062   0.02599   0.08428        32       640    0.1427    0.3393    0.1531   0.07625   0.05177   0.00678   0.02103
     5/249     11.6G   0.04675   0.01005   0.02442   0.08122        28       640 0.0003625   0.01923 4.353e-05 9.843e-06   0.05106   0.03999   0.02095
     6/249     11.6G   0.04678   0.01067   0.02538   0.08283        25       640   0.01567     0.344  0.008193  0.003481   0.05702   0.02188    0.0214
     7/249     11.6G   0.05194   0.01065    0.0271   0.08969        33       640  0.001841    0.0327 0.0003738 6.898e-05   0.07243   0.01556   0.02159
     8/249     11.6G   0.04544   0.01026   0.02469   0.08039        25       640   0.08608    0.4697   0.09984   0.04386   0.05639  0.006653   0.02019
     9/249     11.6G    0.0467   0.01004    0.0233   0.08004        23       640    0.2742   0.07173   0.03094  0.008622   0.04936  0.007155   0.02008
    10/249     11.6G   0.04879   0.01003   0.02488    0.0837        31       640 4.139e-05   0.00641 1.834e-06 5.501e-07   0.07017     7.689    0.1648
    11/249     11.6G   0.04659   0.01059   0.02407   0.08124        46       640   0.01923   0.05891  0.003248 0.0007552   0.06559    0.5547   0.02084
    12/249     11.6G   0.05031  0.009963   0.02536   0.08563        30       640   0.03075   0.04457  0.003338 0.0008935   0.07432    0.1706   0.02331
    13/249     11.6G   0.04994   0.01014   0.02508   0.08516        22       640   0.09258     0.257   0.07137   0.02617   0.05985  0.006902    0.0205
    14/249     11.6G   0.04877  0.009867   0.02415   0.08279        29       640    0.1084     0.303    0.1019   0.03803    0.0533  0.006657   0.01915
    15/249     11.6G   0.04517  0.009671   0.02294   0.07778        29       640    0.4312    0.2124    0.1485   0.04999   0.05449  0.007306   0.01911
    16/249     11.6G   0.04734   0.01054   0.02412     0.082        35       640    0.1669   0.00641 1.678e-05 5.572e-06   0.09051   0.05552    0.0584
    17/249     11.6G   0.04495  0.009707   0.02227   0.07693        29       640 1.809e-05  0.007937 9.497e-07 2.849e-07   0.08776     1.138    0.1183
    18/249     11.6G   0.04399  0.009787   0.02331   0.07708        26       640    0.1142    0.3535    0.1405   0.05761   0.04355  0.007189   0.01989
    19/249     11.6G   0.04022  0.009803   0.02185   0.07187        31       640  0.002415    0.3319  0.001076 0.0001803     0.082   0.02654   0.07348
    20/249     11.6G   0.03991  0.009984   0.02212   0.07202        33       640    0.0935    0.2077   0.06678   0.02335   0.04481  0.007655   0.01951
    21/249     11.6G   0.04291  0.009796    0.0229   0.07561        24       640   0.03363    0.1603   0.01725  0.003728   0.07688   0.00778     0.172
    22/249     11.6G   0.04658   0.01004   0.02236   0.07897        35       640    0.1196    0.2279    0.1012   0.04638   0.03972  0.007044    0.0195
    23/249       13G   0.03715  0.009286   0.02001   0.06645        28       640    0.3358    0.2581    0.1596   0.05954   0.03678  0.007756   0.01888
    24/249       13G   0.03984  0.009902   0.02164   0.07138        46       640    0.3297    0.1701    0.1429   0.06323   0.04612  0.007236   0.02723
    25/249       13G   0.03665  0.009722   0.02019   0.06656        23       640     0.205    0.3573    0.2053   0.09331   0.04282  0.007057   0.01876
    26/249       13G   0.03642  0.009886   0.02069   0.06701        41       640    0.4163    0.1722    0.1424   0.04722   0.04494  0.007263   0.02282
    27/249       13G   0.03611    0.0103   0.02021   0.06663        25       640    0.3384    0.2536    0.1403   0.05552   0.04271  0.007415   0.02351
    28/249       13G   0.04177   0.01007   0.02201   0.07385        41       640    0.1837    0.4998    0.2284    0.1151   0.03884  0.006915   0.01768
    29/249       13G   0.03346  0.009883     0.019   0.06235        27       640    0.4205    0.2192       0.2   0.08794   0.04967  0.006682   0.02359
    30/249       13G   0.03348   0.01016   0.01997    0.0636        29       640    0.1485   0.09576   0.05481   0.02047   0.06589  0.006598   0.04916
    31/249       13G   0.03646  0.009999   0.02009   0.06655        35       640   0.09152    0.2275   0.06584    0.0261   0.05812  0.007826   0.04269
    32/249       13G   0.03816  0.009994   0.02085     0.069        34       640     0.399    0.3049    0.1951   0.08887   0.04738   0.00745   0.02841
    33/249       13G   0.03673  0.009809   0.02084   0.06738        31       640    0.3716    0.3306    0.2192    0.1086   0.04242  0.007237   0.02184
    34/249       13G   0.03905   0.01002   0.02031   0.06939        34       640    0.3556    0.2298    0.1562   0.06608   0.03936  0.007446   0.01803
    35/249       13G   0.04071  0.009554    0.0228   0.07307        34       640    0.2549    0.3188    0.2829    0.1398   0.04197  0.006613   0.01912
    36/249       13G   0.03698  0.009526   0.02047   0.06697        25       640    0.3135    0.2863    0.2541    0.1316   0.04324   0.00669   0.02018
    37/249       13G   0.03456   0.00989   0.01981   0.06426        35       640    0.2744    0.3533     0.277    0.1463   0.03939   0.00649   0.02014
    38/249       13G   0.03688  0.009862   0.02005   0.06679        40       640     0.207    0.5218    0.2546    0.1319   0.03682  0.006679    0.0199
    39/249       13G   0.02996  0.009681   0.01825   0.05789        38       640    0.4204    0.4639    0.3344    0.1557   0.03832  0.006717   0.01881
    40/249       13G   0.03202  0.009689    0.0188    0.0605        29       640    0.3528    0.2129    0.1307   0.06139   0.04641  0.006628   0.01871
    41/249       13G   0.03703  0.009831   0.01972   0.06658        33       640    0.3588    0.3511    0.3121    0.1322   0.03679  0.006917   0.01625
    42/249       13G   0.03675   0.00972   0.01964    0.0661        42       640    0.2509    0.3627    0.2415   0.09512   0.03882  0.007149   0.01653
    43/249       13G   0.03355  0.009809   0.01899   0.06235        27       640     0.382    0.4098    0.3071    0.1495    0.0394  0.006693    0.0167
    44/249       13G   0.03254  0.009483   0.01814   0.06016        23       640    0.2906    0.3645    0.2857    0.1413   0.03837  0.006699   0.01598
    45/249       13G   0.03064  0.009447   0.01825   0.05834        19       640    0.3991    0.3473    0.3023    0.1581   0.03295  0.006842   0.01645
    46/249       13G   0.03393  0.009525   0.01839   0.06184        32       640    0.2847    0.6021    0.3536    0.1885   0.03427  0.006735   0.01639
    47/249       13G   0.03367  0.009256   0.01826   0.06119        32       640    0.2737     0.543    0.3171     0.167   0.03288  0.006712   0.01661
    48/249       13G   0.02913   0.00918   0.01739   0.05569        36       640    0.3078     0.412     0.333    0.1757   0.03289  0.006925   0.01644
    49/249       13G   0.03427  0.008925   0.01775   0.06095        24       640    0.3182    0.4224    0.3289    0.1775   0.03566   0.00653   0.01635
    50/249       13G   0.03348  0.009547    0.0188   0.06183        33       640    0.4116    0.4958    0.4058     0.233   0.03301  0.006447   0.01545
    51/249       13G   0.03014  0.009437   0.01741   0.05699        29       640    0.4002    0.4849    0.4283     0.243   0.03289   0.00632   0.01516
    52/249       13G    0.0326  0.009371   0.01814   0.06012        29       640    0.3938    0.3966    0.3389    0.1839   0.03401   0.00675   0.01588
    53/249       13G   0.03552  0.009603   0.01806   0.06319        33       640    0.5646    0.2949    0.3084    0.1555   0.03544  0.006792   0.01659
    54/249       13G   0.02562  0.009673   0.01606   0.05136        30       640    0.4135    0.4539    0.3521    0.1841   0.03371   0.00688   0.01586
    55/249       13G   0.02825  0.009432   0.01623    0.0539        31       640    0.3745    0.4818    0.3817    0.2103   0.03371   0.00669   0.01551
    56/249       13G   0.03372  0.009258    0.0187   0.06168        27       640    0.4885    0.4465    0.4298    0.2348   0.03446  0.006623   0.01523
    57/249       13G   0.03164  0.009893   0.01733   0.05887        31       640    0.5436    0.4212    0.4105    0.2338    0.0345  0.006668    0.0155
    58/249       13G   0.03367  0.009316   0.01762   0.06061        37       640    0.6131    0.4215    0.4406    0.2526   0.03315  0.006637   0.01489
    59/249       13G   0.02786  0.009208   0.01606   0.05313        30       640    0.5219    0.4869    0.4312    0.2363   0.03323  0.006621   0.01449
    60/249       13G   0.03202  0.009622   0.01785   0.05949        36       640    0.5246    0.4426    0.4678    0.2577   0.03221  0.006657   0.01507
    61/249       13G   0.03224  0.009141   0.01742   0.05881        24       640    0.4826    0.5452    0.4757    0.2711   0.03218  0.006724   0.01483
    62/249       13G   0.03655  0.009073   0.01834   0.06396        32       640    0.4713    0.4854    0.4587    0.2566    0.0322  0.006353   0.01519
    63/249       13G   0.02791  0.009039   0.01577   0.05272        40       640    0.5567    0.3774    0.4175    0.2182   0.03301  0.006364   0.01451
    64/249       13G   0.03058  0.008867    0.0164   0.05584        38       640    0.3801    0.5146    0.4165    0.2386    0.0313  0.006333   0.01403
    65/249       13G   0.03003  0.009073   0.01566   0.05477        28       640    0.5012    0.5338    0.4699    0.2545   0.03255  0.006487   0.01384
    66/249       13G   0.03344  0.009249   0.01637   0.05906        35       640    0.3834    0.6954    0.4801     0.256   0.03305  0.006514    0.0136
    67/249       13G   0.02896  0.008964   0.01536   0.05328        30       640    0.4284    0.6521    0.5115    0.2737   0.03343  0.006544   0.01388
    68/249       13G   0.03028  0.008832   0.01664   0.05575        27       640     0.587    0.4723     0.494    0.3082   0.03267  0.006358   0.01379
    69/249       13G   0.03163  0.008988   0.01582   0.05644        24       640    0.4602    0.4005    0.3155    0.1632   0.03243  0.007465   0.01357
    70/249       13G   0.03294  0.008892   0.01743   0.05926        31       640    0.5015    0.3521    0.3485    0.1709   0.03379  0.006705    0.0152
    71/249       13G   0.03229   0.00941   0.01744   0.05914        31       640    0.3618    0.5568    0.4288    0.2351   0.03321  0.006749   0.01433
    72/249       13G    0.0319  0.009342   0.01705   0.05829        39       640    0.5467    0.5154    0.5068    0.2874    0.0336  0.007103   0.01409
    73/249       13G   0.03219  0.009107   0.01675   0.05804        27       640    0.3896    0.4819    0.3699    0.2162   0.03471    0.2625   0.01404
    74/249       13G   0.03766  0.009666   0.01764   0.06497        26       640      0.31    0.5019    0.3393    0.1939   0.03451     0.132    0.0138
    75/249       13G   0.02854  0.008882   0.01542   0.05284        27       640     0.638    0.4554    0.5425     0.296   0.03364  0.006231   0.01409
    76/249       13G   0.02704  0.009164   0.01514   0.05134        27       640    0.5148    0.5975    0.5028     0.281   0.03382  0.006096   0.01395
    77/249       13G   0.03001  0.008814   0.01635   0.05518        27       640    0.3787    0.5297    0.4879    0.2841   0.03383  0.006329   0.01369
    78/249       13G   0.02845  0.008421   0.01577   0.05264        29       640    0.4363    0.5893    0.4865    0.2762   0.03226   0.00613   0.01354
    79/249       13G   0.02888  0.008978   0.01548   0.05334        32       640    0.5205    0.5196    0.4893    0.2866   0.03006  0.006686   0.01365
    80/249       13G   0.02917  0.009353   0.01554   0.05406        32       640    0.6829    0.4056    0.5199    0.2898   0.03208   0.00639   0.01346
    81/249       13G   0.03107  0.009204   0.01639   0.05665        49       640    0.6619    0.4297    0.5087    0.2902   0.03237  0.006308   0.01388
    82/249       13G   0.03125  0.009205   0.01648   0.05694        35       640    0.6857    0.4853    0.5721    0.3095   0.03189  0.006451   0.01346
    83/249       13G   0.02369  0.008891   0.01432    0.0469        21       640    0.5838    0.5369    0.5217    0.3005   0.03255  0.006305   0.01335
    84/249       13G   0.02538  0.008575   0.01417   0.04812        40       640    0.6584     0.568    0.5288    0.2852   0.03263  0.006323   0.01285
    85/249       13G   0.02886  0.008751   0.01453   0.05213        19       640     0.573    0.5949     0.599    0.3292   0.03294  0.006145   0.01214
    86/249       13G   0.03274  0.008427    0.0154   0.05656        35       640    0.6613    0.5162     0.559    0.3339   0.03359   0.00597   0.01258
    87/249       13G   0.02858  0.008726   0.01512   0.05243        25       640    0.5094    0.6005    0.5294    0.3313    0.0328  0.006118   0.01275
    88/249       13G   0.02855  0.008413   0.01493   0.05188        31       640    0.5721    0.6667    0.5643    0.3439   0.03319  0.005977    0.0133
    89/249       13G   0.02785  0.008526   0.01478   0.05115        27       640    0.5841    0.5536     0.572    0.3172   0.03218  0.006385   0.01316
    90/249       13G   0.02851  0.008808   0.01514   0.05246        27       640    0.6492    0.4683    0.5428    0.3093   0.03309  0.006347   0.01353
    91/249       13G    0.0223   0.00897   0.01376   0.04503        31       640    0.6286    0.4809    0.5097    0.3018   0.03221  0.005968   0.01352
    92/249       13G   0.02854  0.008706   0.01431   0.05156        36       640     0.523    0.6005    0.5886    0.3317   0.03135  0.006224   0.01267
    93/249       13G   0.02511  0.008568   0.01392    0.0476        34       640     0.576    0.6526    0.5826    0.3296   0.03179  0.006353   0.01236
    94/249       13G   0.02587  0.008469   0.01546   0.04979        27       640    0.5648    0.5052    0.5067    0.2898   0.03513    0.0064   0.01354
    95/249       13G   0.03074  0.008953   0.01579   0.05548        41       640     0.493    0.3054    0.3552     0.213    0.0353  0.006372   0.01476
    96/249       13G   0.02863   0.00921   0.01651   0.05435        32       640    0.5429    0.4947     0.452    0.2523   0.03289  0.006341   0.01381
    97/249       13G   0.02973  0.008859   0.01558   0.05417        33       640    0.6091    0.5292    0.5706    0.3126   0.03234  0.006038   0.01342
    98/249       13G   0.02863  0.008886   0.01523   0.05274        28       640    0.4306    0.5702    0.5616    0.3141   0.03175  0.006181   0.01346
    99/249       13G   0.02831   0.00905   0.01492   0.05228        29       640    0.5279    0.5511    0.5145    0.2834   0.03208  0.006188   0.01401
   100/249       13G   0.02978  0.008825   0.01555   0.05416        30       640    0.5719    0.6081    0.6027    0.3666   0.03092  0.005958   0.01302
   101/249       13G   0.02838  0.008901   0.01538   0.05266        34       640    0.6586    0.5392    0.6053     0.361   0.03044  0.006166   0.01282
   102/249       13G   0.03309  0.008352   0.01588   0.05732        21       640    0.5711    0.5538    0.5052    0.2953   0.03571   0.00611   0.01652
   103/249       13G   0.03189  0.008873   0.01495   0.05572        28       640    0.6369     0.696    0.6468    0.3588   0.03092  0.006089   0.01188
   104/249       13G   0.02812  0.008276   0.01436   0.05075        38       640    0.6923    0.5897    0.6552     0.383   0.03127  0.006014   0.01224
   105/249       13G   0.02788  0.008206   0.01393   0.05002        30       640     0.621     0.635    0.5979    0.3446   0.03129  0.006208   0.01244
   106/249       13G    0.0298  0.008327   0.01373   0.05186        38       640    0.5832    0.6162    0.6222    0.3631    0.0313  0.006224   0.01265
   107/249       13G   0.02445  0.008638    0.0132   0.04629        24       640    0.5207    0.6994    0.5778    0.3374   0.03292  0.006232   0.01323
   108/249       13G   0.03371  0.008671   0.01494   0.05733        38       640    0.5633    0.5918    0.5443    0.3203   0.03351  0.006303   0.01318
   109/249       13G     0.026     0.009    0.0134   0.04839        38       640    0.5392    0.7376    0.6071    0.3225   0.03203   0.00616     0.012
   110/249       13G   0.02582  0.008167   0.01436   0.04834        33       640    0.6374    0.6042    0.6105    0.3447   0.03238  0.006092   0.01269
   111/249       13G   0.02675  0.008684   0.01403   0.04946        38       640    0.6405    0.5903    0.5713    0.3329   0.03181  0.006109   0.01242
   112/249       13G   0.02832  0.008567   0.01441    0.0513        34       640     0.725    0.6184    0.7059    0.4107   0.03092  0.006011   0.01254
   113/249       13G   0.02709  0.008517   0.01382   0.04943        25       640    0.7845    0.6122    0.7024    0.3796   0.03141  0.006083   0.01229
   114/249       13G   0.02928  0.008719   0.01354   0.05154        20       640    0.6922    0.6311    0.6685    0.3627   0.03151  0.006161   0.01174
   115/249       13G   0.03058   0.00859   0.01533    0.0545        29       640    0.6045    0.6809      0.62    0.3593   0.03207  0.006225   0.01231
   116/249       13G   0.02431  0.008423   0.01244   0.04517        34       640    0.6169    0.6447    0.6102    0.3331   0.03099  0.006231   0.01267
   117/249       13G   0.02839  0.007714   0.01516   0.05127        28       640    0.5693    0.7377    0.6125     0.345   0.03136  0.006061   0.01266
   118/249       13G   0.02973  0.008285   0.01412   0.05214        30       640    0.5683    0.6826    0.6486    0.3809   0.02976  0.006143    0.0121
   119/249       13G   0.03358  0.008402   0.01512   0.05709        32       640    0.6278    0.7099    0.6456    0.3849   0.03062  0.006032   0.01136
   120/249       13G   0.02756   0.00848   0.01438   0.05042        22       640    0.6525    0.6984    0.6654    0.3782   0.03136  0.006032   0.01177
   121/249       13G   0.03121  0.008424    0.0147   0.05433        28       640    0.6435    0.5877    0.5931    0.3522   0.03092  0.006079   0.01163
   122/249       13G   0.02711  0.007997   0.01374   0.04885        31       640    0.6483    0.6259    0.6361    0.3525   0.03226  0.006071   0.01164
   123/249       13G   0.02791  0.008033   0.01409   0.05003        31       640    0.5633     0.709    0.6503    0.3849   0.03081   0.00619   0.01122
   124/249       13G   0.03159   0.00807   0.01515   0.05481        34       640    0.6399    0.6775    0.6565    0.3849   0.03217   0.00604    0.0121
   125/249       13G   0.03292  0.008355   0.01488   0.05616        34       640    0.5386    0.7741    0.6469    0.3629    0.0309  0.006051   0.01109
   126/249       13G   0.02894  0.008413   0.01324   0.05059        21       640    0.6327     0.774    0.6695    0.3878   0.02984  0.006088   0.01127
   127/249       13G   0.02665  0.008393   0.01352   0.04856        39       640    0.7002    0.6642    0.6733    0.4079   0.03118  0.005931   0.01157
   128/249       13G   0.03035  0.008174   0.01422   0.05274        30       640     0.628    0.5852    0.6346    0.3673   0.03104    0.0062   0.01182
   129/249       13G   0.02974  0.008698   0.01445   0.05288        36       640     0.572    0.6245    0.6361    0.3745   0.02993  0.006211   0.01132
   130/249       13G   0.02913  0.008506   0.01407   0.05171        32       640     0.506    0.6574    0.6013    0.3475   0.02935  0.006347   0.01199
   131/249       13G   0.03029  0.008157   0.01558   0.05403        29       640    0.6198    0.7687    0.6497    0.3806   0.02994  0.006128   0.01169
   132/249       13G   0.02768  0.008694   0.01425   0.05063        30       640    0.6573    0.6462    0.6019    0.3591   0.02952  0.006185   0.01244
   133/249       13G   0.03023   0.00779   0.01436   0.05238        27       640    0.6087    0.6888    0.6144    0.3679      0.03  0.005908    0.0114
   134/249       13G   0.02625  0.008095   0.01279   0.04713        33       640    0.5879    0.6569    0.6178    0.3691   0.02992  0.005986   0.01174
   135/249       13G   0.02998  0.008146   0.01308   0.05121        25       640    0.6861    0.7001     0.654    0.3689   0.03011  0.006027   0.01152
   136/249       13G   0.03238  0.008239   0.01447    0.0551        43       640    0.5979    0.7254    0.6471    0.3776   0.03059  0.006027   0.01147
   137/249       13G   0.02864  0.008356   0.01322   0.05021        36       640    0.6377    0.6884     0.621    0.3565    0.0315  0.005963   0.01247
   138/249       13G   0.02981  0.007562   0.01338   0.05075        25       640    0.6402    0.7608    0.6642     0.386   0.03087   0.00585   0.01166
   139/249       13G    0.0312  0.008118   0.01331   0.05263        17       640    0.7005    0.5969    0.6749    0.4253    0.0303  0.006198   0.01086
   140/249       13G   0.03048  0.008103   0.01422    0.0528        25       640     0.765    0.6404    0.7111     0.431   0.03008  0.006153   0.01105
   141/249       13G   0.02546   0.00803   0.01252   0.04601        29       640    0.7348    0.6195    0.6833    0.4168   0.03075  0.006165   0.01144
   142/249       13G   0.02328  0.008066   0.01167   0.04302        23       640    0.7675    0.6176    0.6995    0.4165   0.02942  0.006336   0.01183
   143/249       13G    0.0235  0.007948   0.01209   0.04354        26       640    0.7444    0.4754    0.6241    0.3748   0.02979  0.006351   0.01187
   144/249       13G   0.02645  0.007834   0.01203   0.04631        31       640    0.6692    0.6952    0.6653    0.3755   0.02997  0.006303   0.01127
   145/249       13G   0.02823  0.008308   0.01337   0.04991        25       640    0.5918     0.768    0.7002    0.4129   0.02887  0.006299   0.01127
   146/249       13G   0.02654  0.008272    0.0133   0.04811        14       640     0.608    0.8459    0.6963    0.4092   0.02847   0.00629   0.01143
   147/249       13G   0.02658  0.007731    0.0131   0.04741        27       640    0.6453    0.7638     0.699    0.4038   0.02928   0.00612   0.01149
   148/249       13G   0.03107   0.00813    0.0138     0.053        39       640    0.6528    0.6789    0.6736    0.4041   0.03021  0.005999   0.01152
   149/249       13G   0.02534   0.00812   0.01229   0.04575        27       640    0.6464     0.742    0.6837    0.4259   0.03006  0.005928   0.01087
   150/249       13G   0.02575  0.007928   0.01254   0.04621        27       640    0.5376    0.7969    0.6655    0.4005   0.02885  0.006158   0.01111
   151/249       13G   0.02223  0.008033   0.01092   0.04118        26       640    0.6401    0.6714     0.683    0.4017   0.02939  0.006164    0.0108
   152/249       13G   0.02659  0.007913   0.01232   0.04683        30       640    0.6564    0.7661    0.6886    0.3925    0.0294   0.00616   0.01098
   153/249       13G   0.03071  0.007964   0.01301   0.05168        20       640    0.5964    0.7469    0.6888     0.417   0.02843  0.006215   0.01077
   154/249       13G   0.02523  0.008162   0.01204   0.04543        33       640    0.6035    0.8093     0.697    0.4183   0.02849  0.006107   0.01146
   155/249       13G   0.02628  0.007694   0.01211   0.04609        25       640    0.6017    0.7923    0.6927     0.406   0.02915   0.00618   0.01146
   156/249       13G   0.02649  0.007968   0.01192   0.04638        37       640    0.6772     0.631    0.6929    0.4267   0.02864  0.006156   0.01098
   157/249       13G   0.02636  0.008033   0.01192   0.04631        33       640    0.6523    0.7194    0.7137    0.4245   0.02831  0.006188   0.01094
   158/249       13G   0.02907  0.008353   0.01257   0.04999        36       640    0.6467    0.7137    0.6786      0.41   0.02891  0.006161   0.01123
   159/249       13G   0.02293  0.008063   0.01096   0.04195        26       640    0.7066    0.7118    0.7054    0.4102   0.02932  0.006142   0.01123
   160/249       13G   0.03251  0.007933   0.01306    0.0535        28       640     0.651    0.7651    0.6853    0.3953      0.03  0.006063   0.01046
   161/249       13G   0.02728  0.007868   0.01198   0.04713        27       640    0.6923    0.7409     0.713    0.4138   0.02934  0.006207   0.01101
   162/249       13G   0.02768  0.007906   0.01205   0.04763        34       640    0.6954    0.6832    0.7404    0.4426   0.03006  0.005988   0.01084
   163/249       13G   0.02694  0.007762    0.0122   0.04691        36       640    0.7286    0.6961    0.7072    0.4211   0.02902  0.006036   0.01066
   164/249       13G   0.02225  0.007557   0.01043   0.04024        30       640    0.6965    0.7651    0.7132    0.4111   0.02877  0.006146   0.01062
   165/249       13G   0.02525  0.007349   0.01051   0.04311        33       640    0.5818     0.743    0.6818      0.39   0.03005  0.006054   0.01047
   166/249       13G    0.0285  0.007951   0.01228   0.04873        32       640     0.764    0.5727    0.6604    0.3769   0.03045  0.006263   0.01102
   167/249       13G   0.02733  0.007629   0.01177   0.04673        29       640    0.7037    0.7328    0.7559    0.4523   0.02993  0.005977   0.01105
   168/249       13G   0.02877  0.007573   0.01182   0.04816        36       640    0.7698    0.7166    0.7693    0.4727   0.02894  0.006057   0.01042
   169/249       13G   0.02706  0.007805   0.01245   0.04731        33       640    0.6308    0.7756    0.6849    0.4131   0.02924  0.005982   0.01065
   170/249       13G    0.0263  0.007798   0.01241   0.04651        24       640    0.5815    0.8158    0.6361    0.3792   0.02899  0.006182     0.011
   171/249       13G   0.03297  0.008065   0.01343   0.05446        33       640    0.6258    0.7346     0.709    0.4255   0.02872  0.006015   0.01186
   172/249       13G   0.03121  0.007945   0.01315    0.0523        35       640    0.6265    0.7712    0.7251    0.4447   0.02879  0.005997   0.01093
   173/249       13G   0.03036  0.008189   0.01306   0.05161        36       640     0.668    0.6683    0.6537    0.3943   0.02975  0.006151   0.01063
   174/249       13G   0.02921  0.007886   0.01157   0.04866        36       640    0.6279    0.7716    0.7044    0.3982   0.02933    0.0062   0.01074
   175/249       13G   0.02923  0.007871   0.01274   0.04984        29       640    0.7302    0.6895    0.7409    0.4399   0.02977  0.006082   0.01065
   176/249       13G   0.02898  0.007939   0.01275   0.04967        28       640    0.6488    0.7357    0.6971    0.4144   0.02981  0.006043   0.01058
   177/249       13G   0.02661  0.007545   0.01148   0.04564        23       640     0.726    0.6563    0.7403    0.4346   0.02978  0.006079   0.01057
   178/249       13G   0.02473  0.007874   0.01092   0.04353        23       640      0.75    0.6554      0.74    0.4315   0.02943  0.005983   0.01063
   179/249       13G   0.03015   0.00793   0.01274   0.05082        22       640    0.6235    0.7731    0.6973    0.4117   0.02845  0.006149   0.01119
   180/249       13G   0.02591  0.007524   0.01124   0.04468        24       640    0.6245    0.7025    0.6792    0.3994   0.02893  0.006173   0.01075
   181/249       13G   0.02512  0.007437    0.0119   0.04446        38       640    0.5778    0.7656    0.6679    0.3863   0.02872  0.006074   0.01126
   182/249       13G   0.02189  0.007443  0.009905   0.03924        23       640    0.6347    0.7567    0.7001    0.4116   0.02922  0.005951   0.01121
   183/249       13G    0.0285  0.008006   0.01211   0.04861        28       640     0.684     0.725     0.724    0.4365   0.02862  0.005938   0.01131
   184/249       13G   0.03204  0.007573   0.01258    0.0522        19       640    0.5584    0.6757    0.6079    0.3505   0.02779  0.006104   0.01085
   185/249       13G     0.024  0.007691   0.01101   0.04269        32       640     0.715    0.7643     0.753    0.4531   0.02832  0.006094   0.01048
   186/249       13G   0.02981  0.007701   0.01262   0.05013        20       640    0.5625    0.7487    0.6056    0.3688   0.02903  0.006334   0.01081
   187/249       13G   0.02437  0.007736   0.01089   0.04299        28       640    0.5198     0.754    0.5661    0.3362   0.02997   0.00645   0.01069
   188/249       13G   0.02909  0.007993   0.01252    0.0496        46       640    0.6197     0.739    0.6318    0.3883   0.03047  0.006149   0.01164
   189/249       13G   0.02524  0.007515   0.01101   0.04377        31       640     0.709    0.7004    0.6816     0.401   0.03017  0.006058   0.01073
   190/249       13G   0.02588  0.007623   0.01161   0.04511        45       640     0.631    0.7898    0.7062    0.4203   0.02905   0.00615   0.01081
   191/249       13G   0.02745  0.007984   0.01219   0.04762        45       640    0.6794     0.757     0.707    0.4179   0.02953  0.006065   0.01087
   192/249       13G   0.02958   0.00794   0.01152   0.04903        25       640    0.5648     0.814     0.691    0.4077   0.02983  0.006025   0.01062
   193/249       13G   0.02944  0.007605   0.01235    0.0494        24       640    0.6145    0.6659    0.6814    0.3993   0.02909  0.005899   0.01077
   194/249       13G   0.02728  0.007062   0.01103   0.04538        28       640    0.6976    0.6191     0.683    0.4027   0.02889  0.005923   0.01086
   195/249       13G   0.02965  0.007687   0.01206   0.04939        29       640    0.6184    0.7611    0.7075    0.4288   0.02912  0.005961   0.01028
   196/249       13G   0.02444  0.007436   0.01088   0.04275        17       640    0.7478    0.7195     0.763     0.475   0.02903  0.006089   0.01005
   197/249       13G   0.02257  0.007484   0.01072   0.04078        28       640    0.6779    0.8135    0.7478    0.4455   0.02877  0.005916   0.01037
   198/249       13G   0.02607  0.007574   0.01059   0.04424        23       640    0.7583    0.6602    0.7443    0.4554   0.02904  0.005918   0.01057
   199/249       13G   0.02224  0.007397   0.01019   0.03982        36       640    0.5467    0.8096    0.6714    0.4167   0.02922  0.005989   0.01068
   200/249       13G   0.03108  0.007126   0.01184   0.05004        24       640    0.5448    0.7851    0.6369     0.391   0.02842  0.005991   0.01057
   201/249       13G    0.0245  0.007453   0.01071   0.04266        27       640    0.5909    0.7203    0.6163    0.3712     0.028  0.006061   0.01045
   202/249       13G   0.02358  0.007494   0.00944   0.04051        29       640    0.6501    0.6578    0.6233    0.3669   0.02848  0.006103    0.0104
   203/249       13G   0.02322  0.007808   0.01001   0.04103        31       640    0.6813    0.6975    0.6907    0.4255   0.02821  0.006111   0.01022
   204/249       13G   0.02361  0.007589     0.011    0.0422        40       640    0.5889    0.7487    0.6239    0.3817   0.02826  0.006068   0.01038
   205/249       13G   0.02307  0.007667   0.01055   0.04129        27       640    0.5855    0.7316    0.6347    0.3831   0.02817  0.005982  0.009936
   206/249       13G    0.0257  0.007699   0.01031   0.04371        35       640    0.5624    0.7821    0.6189    0.3797   0.02823  0.006049   0.01009
   207/249       13G   0.02908  0.007697   0.01224   0.04902        45       640    0.6781    0.6777    0.6398    0.3894   0.02835  0.006054   0.01016
   208/249       13G   0.02208  0.007338  0.009781    0.0392        29       640     0.709    0.7042    0.7398    0.4644   0.02822  0.005973    0.0105
   209/249       13G   0.02627  0.007881   0.01049   0.04464        33       640    0.6041    0.7673    0.7335    0.4574   0.02802  0.005812   0.01079
   210/249       13G   0.02951  0.007479   0.01198   0.04897        22       640    0.7392    0.6864    0.7578    0.4743   0.02836  0.005908   0.01054
   211/249       13G   0.02553  0.007747   0.01134   0.04462        28       640    0.6612    0.7045    0.7207    0.4519   0.02854  0.005995   0.01055
   212/249       13G   0.02967  0.007502   0.01144   0.04862        32       640      0.85    0.6374    0.7437    0.4696   0.02876  0.006001   0.01017
   213/249       13G   0.02685  0.007571   0.01148    0.0459        36       640    0.7156    0.7536    0.7604    0.4725   0.02853  0.005979   0.01007
   214/249       13G   0.02952  0.007469   0.01156   0.04855        22       640    0.6599     0.744    0.7503    0.4612    0.0283  0.006058   0.01002
   215/249       13G   0.02408  0.007243   0.01035   0.04168        28       640      0.72    0.7346    0.7581    0.4678   0.02805  0.006046   0.01001
   216/249       13G   0.02435  0.007493   0.01069   0.04253        31       640    0.8062    0.6713    0.7583    0.4761   0.02858  0.005987   0.01004
   217/249       13G   0.02653  0.007573    0.0108   0.04491        32       640    0.5908    0.7749    0.7135    0.4413   0.02869   0.00604   0.01016
   218/249       13G   0.02386  0.007429  0.009548   0.04084        25       640     0.575    0.7636     0.709    0.4444   0.02832  0.006105   0.01024
   219/249       13G   0.02814  0.007242   0.01112   0.04651        23       640    0.6367    0.7845    0.7371    0.4486   0.02837  0.006007   0.01043
   220/249       13G   0.02417  0.007518   0.01015   0.04184        33       640    0.7778    0.6985     0.771    0.4671   0.02858  0.006032   0.01009
   221/249       13G   0.02245  0.007047  0.009068   0.03857        33       640     0.827    0.6767    0.7767    0.4873   0.02879  0.006065   0.01008
   222/249       13G   0.02496  0.007558   0.01141   0.04393        34       640    0.6713    0.7631    0.7399    0.4592   0.02901  0.006051   0.01022
   223/249       13G   0.02908  0.007176    0.0117   0.04796        29       640    0.7657     0.696    0.7403    0.4668   0.02865  0.005872   0.01052
   224/249       13G   0.02743  0.007933   0.01172   0.04708        47       640     0.656    0.8116    0.7487    0.4704   0.02823  0.005855   0.01066
   225/249       13G   0.02892  0.007243   0.01223   0.04839        31       640    0.5963    0.7973    0.7225    0.4609   0.02828  0.005855   0.01066
   226/249       13G    0.0214  0.007267  0.009158   0.03782        27       640    0.6463    0.6747    0.6966     0.441   0.02844  0.005932    0.0108
   227/249       13G   0.02347  0.007205   0.01013   0.04081        37       640    0.6415    0.7348    0.7148    0.4454   0.02891  0.005895   0.01056
   228/249       13G   0.02437  0.007548   0.01049   0.04241        22       640    0.7267    0.6835    0.7282    0.4626   0.02849  0.005897   0.01039
   229/249       13G   0.02103  0.006857  0.009605    0.0375        37       640    0.6825    0.7228     0.745    0.4697   0.02792  0.005945   0.01043
   230/249       13G    0.0257  0.007359   0.01051   0.04357        31       640    0.7214    0.7566    0.7841     0.494   0.02786  0.005897   0.01029
   231/249       13G   0.02716  0.007349   0.01164   0.04615        36       640    0.6759     0.756    0.7356    0.4559   0.02828  0.005917   0.01035
   232/249       13G   0.02493  0.007276  0.009841   0.04205        16       640     0.702    0.7023    0.7316    0.4559   0.02841  0.005839   0.01044
   233/249       13G    0.0257  0.007118   0.01067   0.04349        30       640    0.6677    0.6901    0.7041    0.4407   0.02845  0.005906    0.0106
   234/249       13G   0.02754  0.007173   0.01141   0.04613        28       640    0.7766    0.6731    0.7333     0.456   0.02822  0.005822   0.01026
   235/249       13G   0.02143  0.007494  0.009178    0.0381        28       640    0.7145    0.6819    0.7075    0.4313   0.02771   0.00586   0.01059
   236/249       13G     0.026  0.007584   0.01092    0.0445        31       640    0.6367    0.7085     0.675    0.4229   0.02755  0.005993   0.01111
   237/249       13G   0.02508   0.00699  0.009999   0.04207        27       640    0.6667    0.7287    0.6897    0.4323     0.028  0.005967   0.01049
   238/249       13G   0.02133  0.007297  0.009188   0.03782        23       640    0.6355    0.7536    0.7028    0.4544   0.02812  0.005957   0.01024
   239/249       13G   0.02427  0.007223   0.01086   0.04236        34       640    0.6365    0.7452    0.7213    0.4551   0.02792  0.006003   0.01008
   240/249       13G   0.02462  0.007158  0.009404   0.04118        29       640    0.6824    0.7296    0.7299    0.4541   0.02785   0.00596    0.0098
   241/249       13G   0.02567  0.007734   0.01118   0.04458        37       640    0.6995    0.7357    0.7269    0.4485   0.02769  0.005934   0.01024
   242/249       13G   0.02831  0.007444   0.01176   0.04751        30       640     0.703    0.7112    0.7271    0.4524   0.02779  0.005976   0.01037
   243/249       13G   0.02484  0.007105   0.01014   0.04208        35       640    0.7156     0.734    0.7299    0.4758   0.02787  0.005977   0.01006
   244/249       13G   0.02339  0.006957  0.009539   0.03989        32       640    0.7169    0.7183    0.7187    0.4634   0.02788  0.005949   0.00997
   245/249       13G   0.02751   0.00706   0.01012    0.0447        39       640    0.7041    0.7062    0.7203    0.4488   0.02855  0.005911  0.009997
   246/249       13G   0.02566  0.007405    0.0106   0.04366        29       640    0.7054    0.7144    0.7261    0.4524   0.02848  0.005903   0.01005
   247/249       13G   0.02731  0.007203   0.01155   0.04607        27       640    0.7133    0.6819    0.6999    0.4361   0.02826  0.005952   0.01029
   248/249       13G    0.0227   0.00708  0.009514   0.03929        23       640    0.7789    0.6354    0.7242    0.4539   0.02818  0.005934   0.01012
   249/249       13G   0.02178  0.007257  0.009288   0.03832        31       640    0.6035    0.8466    0.7402    0.4488   0.02791  0.005951   0.01022
